0 75 25
0 123 72
0 220 167
0 25 125
0 74 214
0 24 314
0 268 120
0 220 218
0 220 270
0 220 322
0 268 369
0 317 419
0 170 418
0 271 218
0 321 218
0 372 217
0 423 218
0 367 419
0 417 419
0 416 368
0 416 317
0 467 316
0 518 315
0 569 314
0 372 167
0 618 264
0 708 170
0 760 170
0 761 119
0 762 221
0 518 366
0 568 414
0 618 462
0 767 460
0 762 272
0 475 58
0 577 112
0 527 160
1 24 24
2 74 160
2 75 315
2 27 427
2 76 532
2 214 493
2 482 433
2 558 515
2 400 524
2 473 178
2 272 168
2 172 67
2 351 58
2 682 24
2 650 122
2 694 290
2 712 553
2 170 572
0 73 364
2 338 324
