0 84 71
0 84 119
0 132 167
0 132 215
0 288 212
0 336 258
0 385 212
0 385 164
0 336 306
0 199 392
0 150 440
0 199 344
0 149 488
0 418 394
0 464 346
0 511 297
0 557 249
0 605 203
0 508 107
0 462 59
0 441 213
0 707 204
0 707 252
0 707 300
0 707 348
0 707 396
0 707 444
0 707 492
0 707 540
0 771 105
0 720 80
0 562 99
0 613 148
0 184 119
1 134 110
2 336 207
2 199 442
2 758 534
2 772 469
2 757 409
2 772 352
2 757 300
2 772 245
2 758 194
2 773 44
0 559 152
2 553 201
2 393 277
2 460 274
2 354 71
2 259 54
2 218 206
2 120 323
2 67 219
2 36 160
2 91 421
2 43 301
2 63 540
2 209 272
2 273 335
2 334 400
2 248 556
2 156 555
2 381 463
2 348 539
2 506 449
2 492 554
2 415 519
2 572 337
2 614 436
2 594 507
2 627 38
0 247 439
0 232 119
0 101 488
0 615 95
